 0.00000    0.00000    0.00000    0.00000    0.00000    0.00000
+0.78540    0.00000    0.00000    0.00000    0.00000    0.00000
 0.00000   +0.78540    0.00000    0.00000    0.00000    0.00000
 0.00000    0.00000   +0.78540    0.00000    0.00000    0.00000
 0.00000    0.00000    0.00000   +0.78540    0.00000    0.00000
 0.00000    0.00000    0.00000    0.00000   +0.78540    0.00000
 0.00000    0.00000    0.00000    0.00000    0.00000   +0.78540
-0.78540    0.00000    0.00000    0.00000    0.00000    0.00000
 0.00000   -0.78540    0.00000    0.00000    0.00000    0.00000
 0.00000    0.00000   -0.78540    0.00000    0.00000    0.00000
 0.00000    0.00000    0.00000   -0.78540    0.00000    0.00000
 0.00000    0.00000    0.00000    0.00000   -0.78540    0.00000
 0.00000    0.00000    0.00000    0.00000    0.00000   -0.78540
+1.57080    0.00000    0.00000    0.00000    0.00000    0.00000
 0.00000   +1.57080    0.00000    0.00000    0.00000    0.00000
 0.00000    0.00000   +1.57080    0.00000    0.00000    0.00000
 0.00000    0.00000    0.00000   +1.57080    0.00000    0.00000
 0.00000    0.00000    0.00000    0.00000   +1.57080    0.00000
 0.00000    0.00000    0.00000    0.00000    0.00000   +1.57080
-1.57080    0.00000    0.00000    0.00000    0.00000    0.00000
 0.00000   -1.57080    0.00000    0.00000    0.00000    0.00000
 0.00000    0.00000   -1.57080    0.00000    0.00000    0.00000
 0.00000    0.00000    0.00000   -1.57080    0.00000    0.00000
 0.00000    0.00000    0.00000    0.00000   -1.57080    0.00000
 0.00000    0.00000    0.00000    0.00000    0.00000   -1.57080
